fs = 48000;
t60 = 15;
nModes = 10000;
dur = 10;

f = (1:nModes)*2+500;

int32(23)
