b0 = (0.0000000000000000,0.0000000000000000,1.0000000000000000,1.0000000000000000,1.0000000000000000,1.0000000000000000,1.0000000000000000,1.0000000000000000,1.0000000000000000,1.0000000000000000,1.0000000000000000,1.0000000000000000,1.0000000000000000,1.0000000000000000,1.0000000000000000,1.0000000000000000,1.0000000000000000,1.0000000000000000,1.0000000000000000,1.0000000000000000);
b1 = (1.0000000000000000,1.0000000000000000,0.0056825206963896,-0.0999815102647900,0.0012352183356264,0.0003635413258924,-0.0806612614582124,-0.0104207172189215,0.0595701306359527,0.0077822967182030,-0.0427212680747538,0.0283277415712879,0.0270109317894766,0.0256297603669317,0.0234719330498716,0.0231117478240686,0.0230038028348732,-0.0010676330197580,-0.0095018210326705,-0.0045219161617333);
b2 = (0.0000000000000000,0.0659933701188281,-0.0028233309198597,0.0024990569719981,-0.0018845886963389,-0.0018233421947356,0.0016265597595986,-0.0011990871526459,0.0008871501151311,-0.0006456594415309,0.0004562563888223,0.0002006141451370,0.0001820124836744,0.0001642210639122,0.0001377098974484,0.0001335381465463,0.0001322930722017,-0.0001431130465397,0.0000225704302970,-0.0000005271290120);
a1 = (0.0000103090004600,-0.0000476187757429,0.0000006813137546,-0.0000105195531082,0.0000259329028621,-0.0000345699010298,0.0003641127382896,-0.0004834171356056,-0.0006257842738303,-0.0000063207681752,-0.0007340712944671,-0.0008210410554135,0.0008776885659960,-0.0009371108430562,0.0009862223784985,0.0000462060214778,0.0000041213938627,-0.0000097463736750,-0.0000110162935208,-0.0000132957521071);
a2 = (0.0000000000000000,0.0000000005667981,-0.0000000006111655,-0.0000000013931638,-0.0000000047610081,-0.0000000149097404,0.0000000319505187,0.0000000582367669,0.0000000978995113,-0.0000001269499391,0.0000001347151116,0.0000001681135025,0.0000001925817585,0.0000002195400617,0.0000002430436741,-0.0000002920248966,-0.0000003297428223,-0.0000003391642630,-0.0000003558796108,-0.0000003712678434);
